


S	0	0	0	0	0	0	0	0	0
B	1.721	1	0	0	0	0	1	0	0
C	1.715	1	113.8	1	0	0	1	2	0
O	1.657	1	110	1	152.4	1	1	2	3
S	1.683	1	140.9	1	59.9	1	4	1	2
C	1.703	1	100.6	1	67.2	1	5	4	1
C	1.704	1	111	1	20.7	1	5	4	3
B	1.718	1	103.6	1	68	1	5	4	1
O	1.807	1	105.5	1	4.1	1	1	2	3
S	1.681	1	120.4	1	138.4	1	9	1	2
B	1.74	1	107	1	83.7	1	10	9	1
O	1.645	1	116.6	1	40.8	1	10	9	3
S	1.655	1	173.3	1	91.2	1	12	10	9
C	1.667	1	108.8	1	121.7	1	13	12	10
O	1.645	1	3.5	1	49.4	1	13	12	3
S	1.461	1	167.6	1	26	1	15	13	12
C	1.653	1	111	1	107.6	1	16	15	13
B	1.655	1	108	1	120.1	1	16	15	3
O	1.678	1	101.5	1	64.3	1	16	15	13
S	1.787	1	15.3	1	83.9	1	19	16	15
B	1.686	1	107.2	1	122.4	1	20	19	16
C	1.686	1	106.7	1	151.8	1	20	19	13
O	1.67	1	108.6	1	179.1	1	20	19	16
S	1.696	1	126.7	1	108.8	1	23	20	19
C	1.826	1	109.6	1	167.7	1	24	23	20
O	1.684	1	135.1	1	81.1	1	24	23	16
S	1.683	1	126.9	1	145.7	1	26	24	23
C	1.69	1	113.2	1	43.3	1	27	26	24
B	1.674	1	119.4	1	17.7	1	27	26	16
O	1.737	1	106.3	1	103.8	1	27	26	24
S	1.634	1	131.5	1	117.6	1	30	27	26
B	1.69	1	113.6	1	1.9	1	31	30	27
O	1.743	1	105.6	1	78.5	1	31	30	24
S	1.677	1	130.6	1	145.6	1	33	31	30
O	1.812	1	106.9	1	150.6	1	34	33	31
S	1.609	1	140.5	1	25.5	1	35	34	33
B	1.652	1	104.8	1	80.7	1	36	35	34
C	1.71	1	111.1	1	171.7	1	36	35	31
O	1.626	1	99.6	1	43.1	1	36	35	34
S	1.693	1	163.1	1	135.1	1	39	36	35
B	1.655	1	101.4	1	52.4	1	40	39	36
C	1.74	1	111.8	1	127.7	1	40	39	34
B	1.609	1	122.8	1	167	1	40	39	36
O	1.644	1	106.7	1	75	1	34	33	31
S	1.65	1	141.3	1	99	1	44	34	33
C	1.683	1	103.3	1	80.9	1	45	44	34
C	1.638	1	107.4	1	85.1	1	45	44	31
O	1.637	1	108.6	1	6.7	1	45	44	34
S	1.77	1	120.6	1	103.5	1	48	45	44
B	1.725	1	112.3	1	47.7	1	49	48	45
C	1.619	1	113.6	1	3.4	1	49	48	34
C	1.692	1	110.2	1	29.8	1	49	48	45
O	1.64	1	87.2	1	139.9	1	34	33	31
S	1.539	1	127.8	1	19.4	1	53	34	33
C	1.744	1	105.3	1	33	1	54	53	34
C	1.694	1	102.1	1	125.1	1	54	53	31
O	1.667	1	106.2	1	47.9	1	54	53	34
S	1.65	1	155.3	1	67.2	1	57	54	53
C	1.645	1	105.5	1	41.4	1	58	57	54
C	1.665	1	108.1	1	167.4	1	58	57	34
B	1.681	1	110.6	1	10	1	58	57	54
O	1.68	1	118.9	1	28.2	1	31	30	27
S	1.729	1	128.3	1	24.7	1	62	31	30
C	1.672	1	108.9	1	73.7	1	63	62	31
O	1.43	1	101.6	1	26.8	1	63	62	27
S	1.723	1	152.8	1	76.7	1	65	63	62
B	1.726	1	104.5	1	90.9	1	66	65	63
B	1.681	1	119.4	1	89.2	1	66	65	27
O	1.635	1	104.8	1	61.4	1	66	65	63
S	1.646	1	124.5	1	18.1	1	69	66	65
B	1.649	1	111.7	1	36.6	1	70	69	66
C	1.726	1	110.5	1	61.5	1	70	69	63
O	1.653	1	110.7	1	175	1	70	69	66
S	1.716	1	123.2	1	66.2	1	73	70	69
C	1.659	1	90.1	1	147.2	1	74	73	70
B	1.75	1	109.7	1	48	1	74	73	66
C	1.71	1	99.7	1	137	1	74	73	70
O	1.764	1	115.7	1	75.5	1	63	62	31
S	1.732	1	133	1	52.2	1	78	63	62
B	1.703	1	109.4	1	94.4	1	79	78	63
O	1.65	1	109.2	1	71.2	1	79	78	31
S	1.681	1	135.4	1	61.5	1	81	79	78
B	1.616	1	113.6	1	46.9	1	82	81	79
O	1.639	1	111.6	1	159.7	1	82	81	31
S	1.645	1	136.3	1	142.4	1	84	82	81
B	1.552	1	110.6	1	80.2	1	85	84	82
B	1.634	1	104.2	1	18.7	1	85	84	31
O	1.671	1	110.7	1	107.3	1	85	84	82
S	1.665	1	136.1	1	158	1	88	85	84
C	1.638	1	100	1	23.9	1	89	88	85
C	1.691	1	109.3	1	126.4	1	89	88	82
O	1.641	1	131.2	1	33	1	89	88	85
S	1.651	1	122.4	1	29.2	1	92	89	88
B	1.652	1	107	1	69.8	1	93	92	89
O	1.657	1	102.8	1	23.7	1	93	92	85
S	1.703	1	123.6	1	123.6	1	95	93	92
B	1.691	1	106.6	1	66.1	1	96	95	93
B	1.671	1	111.7	1	77.9	1	96	95	85
C	1.649	1	104	1	80.8	1	96	95	93
O	1.646	1	104.7	1	168.2	1	93	92	89
S	1.645	1	135.5	1	21.8	1	100	93	92
C	1.716	1	113	1	20.8	1	101	100	93
B	1.693	1	3.4	1	51.1	1	101	100	89
C	1.66	1	105.4	1	149	1	101	100	93
O	1.653	1	108.2	1	116.6	1	82	81	79
S	1.637	1	142.5	1	122.1	1	105	82	81
B	1.699	1	111.7	1	73.6	1	106	105	82
C	1.702	1	104.2	1	100.3	1	106	105	79
O	1.648	1	109.6	1	123	1	106	105	82
S	1.629	1	166.5	1	74.4	1	109	106	105
B	1.682	1	109.6	1	159.6	1	110	109	106
B	1.723	1	106.3	1	59.2	1	110	109	82
B	1.573	1	110.1	1	21.5	1	110	109	106
O	1.659	1	105.1	1	59.3	1	79	78	63
S	1.721	1	126.8	1	51.3	1	114	79	78
C	1.653	1	123.1	1	156.8	1	115	114	79
O	1.652	1	105.6	1	123.3	1	115	114	63
S	1.612	1	135.8	1	68.3	1	117	115	114
C	1.64	1	115.7	1	31.4	1	118	117	115
C	1.601	1	110.7	1	87.1	1	118	117	63
B	1.636	1	114	1	0.5	1	118	117	115
O	1.756	1	114.3	1	146.3	1	115	114	79
S	1.648	1	134.3	1	100.5	1	122	115	114
C	1.65	1	116.5	1	97.6	1	123	122	115
C	1.492	1	105.9	1	178.2	1	123	122	79
C	1.675	1	3.5	1	4.6	1	123	122	115
O	1.664	1	78	1	169.2	1	24	23	20
S	1.662	1	137.5	1	89.7	1	127	24	23
C	1.756	1	105.2	1	46.2	1	128	127	24
B	1.726	1	114.6	1	111.2	1	128	127	20
B	1.683	1	108.7	1	94.2	1	128	127	24
O	1.611	1	111.7	1	6.4	1	13	12	10
S	1.336	1	140.2	1	179.5	1	132	13	12
B	1.732	1	112.1	1	46.6	1	133	132	13
O	1.599	1	101.9	1	58.9	1	133	132	10
S	1.699	1	124.5	1	145.7	1	135	133	132
B	1.602	1	111.3	1	176.6	1	136	135	133
C	1.628	1	119	1	29	1	136	135	10
O	1.646	1	119	1	155.4	1	136	135	133
S	1.651	1	126.2	1	172.8	1	139	136	135
C	1.412	1	102.9	1	74.3	1	140	139	136
B	1.498	1	109.3	1	8.4	1	140	139	133
C	1.697	1	105.4	1	179.5	1	140	139	136
O	1.726	1	110.5	1	94.7	1	133	132	13
S	1.703	1	127.5	1	88.3	1	144	133	132
B	1.68	1	45.7	1	42.7	1	145	144	133
O	1.727	1	107.6	1	156.8	1	145	144	13
S	1.68	1	116.2	1	43.8	1	147	145	144
B	1.651	1	102.5	1	151.5	1	148	147	145
O	1.647	1	105.6	1	167.7	1	148	147	13
S	1.732	1	149.6	1	164.7	1	150	148	147
C	1.72	1	114.8	1	68.7	1	151	150	148
O	1.656	1	106.9	1	42.9	1	151	150	13
S	1.664	1	140	1	131.6	1	153	151	150
B	1.65	1	108	1	155.3	1	154	153	151
C	1.746	1	106.5	1	8.3	1	154	153	13
O	1.687	1	111	1	167.3	1	154	153	151
S	1.705	1	142.7	1	154.7	1	157	154	153
C	1.702	1	112	1	35.6	1	158	157	154
C	1.64	1	103.1	1	155.1	1	158	157	151
O	1.667	1	116.5	1	110.7	1	158	157	154
S	1.707	1	139.1	1	124	1	161	158	157
B	1.7	1	104.6	1	58.7	1	162	161	158
C	1.691	1	118.5	1	121.8	1	162	161	154
O	1.695	1	53.2	1	106.2	1	162	161	158
S	1.719	1	115.5	1	107.6	1	165	162	161
B	1.718	1	104.8	1	174.3	1	166	165	162
O	1.771	1	113.3	1	175.2	1	166	165	158
S	1.66	1	55	1	82.6	1	168	166	165
B	1.721	1	104.3	1	123.2	1	169	168	166
C	1.642	1	113.8	1	34.5	1	169	168	158
C	1.689	1	110.2	1	70.3	1	169	168	166
O	1.663	1	101	1	70.3	1	166	165	162
S	1.642	1	138	1	40	1	173	166	165
B	1.683	1	102.6	1	146.5	1	174	173	166
C	1.659	1	75.7	1	52.5	1	174	173	162
O	1.342	1	107.6	1	51.1	1	174	173	166
S	1.657	1	132.1	1	47.2	1	177	174	173
B	1.725	1	109.1	1	112.9	1	178	177	174
O	1.638	1	102.4	1	127	1	178	177	166
S	1.631	1	133	1	93.9	1	180	178	177
C	1.651	1	114.2	1	114.8	1	181	180	178
C	1.638	1	101.6	1	14.6	1	181	180	166
B	1.697	1	109.6	1	52.6	1	181	180	178
O	1.643	1	116.6	1	50.5	1	178	177	174
S	1.421	1	117.3	1	143.3	1	185	178	177
B	1.647	1	107.8	1	171.5	1	186	185	178
C	1.641	1	68.6	1	78.3	1	186	185	174
O	1.494	1	106.6	1	172.7	1	186	185	178
S	1.715	1	128.6	1	69.3	1	189	186	185
C	1.719	1	121.8	1	60.6	1	190	189	186
B	1.73	1	103.2	1	96.5	1	190	189	178
O	1.655	1	65.1	1	46.2	1	190	189	186
S	1.466	1	88.3	1	82.1	1	193	190	189
C	1.773	1	112.5	1	161.8	1	194	193	190
C	1.653	1	104.2	1	131.2	1	194	193	186
O	1.652	1	113.2	1	54	1	194	193	190
S	1.496	1	132.6	1	84.8	1	197	194	193
C	1.69	1	105.3	1	152.2	1	198	197	194
B	1.62	1	107.1	1	29.4	1	198	197	190
O	1.724	1	102.4	1	128.2	1	198	197	194
S	1.659	1	128.3	1	76.8	1	201	198	197
C	1.692	1	115.5	1	167.1	1	202	201	198
C	1.658	1	110.9	1	52.6	1	202	201	194
O	1.692	1	37.6	1	85.9	1	202	201	198
S	1.635	1	164.7	1	46.6	1	205	202	201
C	1.697	1	106.8	1	136.2	1	206	205	202
C	1.628	1	99.7	1	13	1	206	205	198
O	1.415	1	116.8	1	108.7	1	206	205	202
S	1.63	1	114.8	1	29.7	1	209	206	205
B	1.723	1	107.6	1	125.7	1	210	209	206
B	1.601	1	111.2	1	167.4	1	210	209	202
O	1.616	1	107.7	1	6.1	1	210	209	206
S	1.633	1	131.2	1	169.7	1	213	210	209
C	1.721	1	110.1	1	173	1	214	213	210
C	1.654	1	102	1	8.8	1	214	213	206
O	1.713	1	67.4	1	121.7	1	214	213	210
S	1.637	1	169	1	169.4	1	217	214	213
B	1.612	1	109.8	1	77.5	1	218	217	214
C	1.738	1	105	1	135.3	1	218	217	210
O	1.66	1	111	1	93.1	1	218	217	214
S	1.703	1	132.3	1	146.9	1	221	218	217
C	1.692	1	110.7	1	112.4	1	222	221	218
C	1.64	1	120.5	1	42.4	1	222	221	214
O	1.685	1	106.5	1	115.9	1	222	221	218
S	1.652	1	55.7	1	76.4	1	225	222	221
C	1.638	1	112.7	1	172.6	1	226	225	222
B	1.696	1	3.6	1	135.3	1	226	225	218
O	1.633	1	115.2	1	156.3	1	226	225	222
S	1.615	1	125.6	1	66.5	1	229	226	225
C	1.69	1	106.6	1	97.3	1	230	229	226
C	1.702	1	104.3	1	114.9	1	230	229	222
O	1.659	1	107.5	1	142.5	1	230	229	226
S	1.674	1	148.3	1	132.8	1	233	230	229
B	1.69	1	112.7	1	112.3	1	234	233	230
B	1.654	1	105.7	1	161.3	1	234	233	226
C	1.68	1	112.8	1	155.9	1	234	233	230
O	1.533	1	109.3	1	78.7	1	151	150	148
S	1.649	1	130.5	1	80.9	1	238	151	150
C	1.616	1	104.3	1	68.6	1	239	238	151
O	1.746	1	114.1	1	53.5	1	239	238	148
S	1.71	1	124.9	1	66.2	1	241	239	238
B	1.717	1	44.2	1	5.4	1	242	241	239
O	1.627	1	101.6	1	57.9	1	242	241	148
S	1.687	1	121.8	1	109.3	1	244	242	241
C	1.755	1	116.7	1	80.6	1	245	244	242
C	1.746	1	109	1	75.5	1	245	244	148
C	1.408	1	103.2	1	164.3	1	245	244	242
O	1.651	1	102.8	1	32.1	1	242	241	239
S	1.7	1	116	1	41	1	249	242	241
C	1.697	1	118	1	38.3	1	250	249	242
O	1.631	1	104.2	1	19.1	1	250	249	239
S	1.338	1	84	1	126.5	1	252	250	249
C	1.67	1	104.7	1	164.8	1	253	252	250
C	1.675	1	103.1	1	1	1	253	252	239
B	1.644	1	103.4	1	31	1	253	252	250
O	1.738	1	117.7	1	155.4	1	250	249	242
S	1.653	1	133.9	1	167.9	1	257	250	249
C	1.704	1	104.4	1	42.3	1	258	257	250
B	1.415	1	117	1	67.5	1	258	257	242
O	1.615	1	132.9	1	129.2	1	258	257	250
S	1.709	1	138	1	43.2	1	261	258	257
B	1.712	1	106.3	1	95.6	1	262	261	258
C	1.629	1	21.2	1	54.1	1	262	261	250
C	1.698	1	129	1	53.9	1	262	261	258
O	1.685	1	136	1	1.8	1	239	238	151
S	1.64	1	127.8	1	171.7	1	266	239	238
C	1.789	1	110.6	1	50.6	1	267	266	239
B	1.663	1	113.3	1	73.4	1	267	266	151
B	1.628	1	111.6	1	28.4	1	267	266	239
O	1.625	1	108.3	1	125.2	1	148	147	145
S	1.712	1	124.3	1	97.2	1	271	148	147
B	1.705	1	110	1	2.1	1	272	271	148
O	1.671	1	106.2	1	45.5	1	272	271	145
S	1.667	1	128.9	1	153	1	274	272	271
C	1.612	1	111.3	1	139.2	1	275	274	272
C	1.63	1	121.3	1	23.9	1	275	274	145
O	1.67	1	125.9	1	48.4	1	275	274	272
S	1.735	1	118.6	1	94.5	1	278	275	274
B	1.749	1	105.7	1	35	1	279	278	275
C	1.644	1	96.8	1	37.9	1	279	278	272
C	1.68	1	111.8	1	4	1	279	278	275
O	1.702	1	104.1	1	20.8	1	272	271	148
S	1.761	1	125.8	1	99	1	283	272	271
C	1.671	1	122.7	1	73.9	1	284	283	272
C	1.693	1	114.5	1	73.2	1	284	283	148
O	1.646	1	3.2	1	75.6	1	284	283	272
S	1.722	1	119.7	1	62.1	1	287	284	283
B	1.383	1	124.3	1	119.2	1	288	287	284
C	1.716	1	109.1	1	77.1	1	288	287	272
B	1.747	1	101.5	1	13.7	1	288	287	284
O	1.715	1	101.5	1	33.1	1	145	144	133
S	1.702	1	161.9	1	77.1	1	292	145	144
C	1.626	1	108.6	1	37.6	1	293	292	145
O	1.694	1	104.9	1	171.2	1	293	292	133
S	1.666	1	154.5	1	125	1	295	293	292
B	1.442	1	105.4	1	60	1	296	295	293
C	1.63	1	107.6	1	104.5	1	296	295	133
B	1.732	1	105.5	1	59.6	1	296	295	293
O	1.739	1	116.4	1	148	1	293	292	145
S	1.726	1	128	1	93.5	1	300	293	292
B	1.682	1	100.7	1	149.8	1	301	300	293
C	1.664	1	109.1	1	18.1	1	301	300	145
C	1.67	1	105.5	1	13.9	1	301	300	293
O	1.618	1	108.3	1	41.4	1	10	9	1
S	1.688	1	163.9	1	56.8	1	305	10	9
B	1.742	1	107.8	1	179.5	1	306	305	10
C	1.338	1	109.8	1	9.5	1	306	305	1
O	1.642	1	117.9	1	24.9	1	306	305	10
S	1.388	1	111.4	1	73.6	1	309	306	305
B	1.629	1	103.6	1	86	1	310	309	306
O	1.674	1	106.1	1	127.7	1	310	309	10
S	1.646	1	146.3	1	99.5	1	312	310	309
C	1.668	1	118.7	1	39.2	1	313	312	310
C	1.656	1	117.5	1	97.1	1	313	312	10
O	1.68	1	105.1	1	114	1	313	312	310
S	1.644	1	28	1	113.3	1	316	313	312
C	1.755	1	101	1	130.8	1	317	316	313
O	1.662	1	105	1	151.1	1	317	316	310
S	1.657	1	150.7	1	96	1	319	317	316
B	1.641	1	111.8	1	61.5	1	320	319	317
B	1.654	1	109.4	1	33.4	1	320	319	310
C	1.704	1	124.5	1	30.7	1	320	319	317
O	1.716	1	105.1	1	105.8	1	317	316	313
S	1.392	1	168.8	1	130.7	1	324	317	316
B	1.644	1	124.4	1	137.8	1	325	324	317
C	1.641	1	105.6	1	156.6	1	325	324	313
O	1.629	1	107.7	1	4.3	1	325	324	317
S	1.65	1	111.9	1	174.7	1	328	325	324
C	1.639	1	109.8	1	76.6	1	329	328	325
C	1.693	1	64.5	1	2.5	1	329	328	317
O	1.677	1	108.1	1	156.8	1	329	328	325
S	1.721	1	118.7	1	11	1	332	329	328
B	1.644	1	111.5	1	63.1	1	333	332	329
C	1.739	1	106.7	1	101.6	1	333	332	325
B	1.639	1	101.3	1	46.5	1	333	332	329
O	1.746	1	99.8	1	154.7	1	310	309	306
S	1.658	1	125.7	1	130.1	1	337	310	309
B	1.651	1	57.8	1	100.7	1	338	337	310
C	1.639	1	125	1	70.2	1	338	337	306
O	1.709	1	112.8	1	3.1	1	338	337	310
S	1.665	1	132.4	1	122.1	1	341	338	337
C	1.753	1	105.2	1	114	1	342	341	338
B	1.635	1	111.3	1	94.4	1	342	341	310
O	1.708	1	114	1	82.4	1	342	341	338
S	1.389	1	132.5	1	177.9	1	345	342	341
C	1.71	1	104.1	1	157.1	1	346	345	342
C	1.687	1	106.9	1	159.4	1	346	345	338
O	1.653	1	107.2	1	177.8	1	346	345	342
S	1.671	1	128.6	1	111.5	1	349	346	345
B	1.718	1	44.4	1	2.7	1	350	349	346
O	1.661	1	29.6	1	81.4	1	350	349	342
S	1.742	1	147.9	1	96.5	1	352	350	349
B	1.64	1	108.9	1	105.1	1	353	352	350
O	1.732	1	114.9	1	50.4	1	353	352	342
S	1.821	1	136.6	1	43.2	1	355	353	352
C	1.652	1	109.3	1	175.1	1	356	355	353
C	1.673	1	115.3	1	39.4	1	356	355	342
O	1.638	1	106.2	1	4.2	1	356	355	353
S	1.621	1	178.5	1	110.7	1	359	356	355
B	1.738	1	3.4	1	49.1	1	360	359	356
C	1.639	1	84.9	1	92.9	1	360	359	353
C	1.653	1	103.9	1	72	1	360	359	356
O	1.644	1	121.7	1	69.7	1	353	352	350
S	1.646	1	121.6	1	97.2	1	364	353	352
C	1.733	1	107	1	38.6	1	365	364	353
B	1.634	1	106.2	1	85.4	1	365	364	350
B	1.424	1	102.8	1	16.4	1	365	364	353
O	1.716	1	106.5	1	35.9	1	350	349	346
S	1.69	1	118.6	1	96.5	1	369	350	349
O	1.664	1	103.7	1	155.7	1	370	369	350
S	1.704	1	124.4	1	105.3	1	371	370	369
B	1.661	1	122.5	1	18	1	372	371	370
B	1.624	1	121.4	1	94.8	1	372	371	350
C	1.678	1	104.2	1	75.8	1	372	371	370
O	1.659	1	109.9	1	159.4	1	370	369	350
S	1.737	1	131.6	1	110.3	1	376	370	369
C	1.672	1	106.7	1	14.5	1	377	376	370
O	1.74	1	109.8	1	110.9	1	377	376	350
S	1.702	1	138.7	1	38.2	1	379	377	376
B	1.653	1	106.4	1	3.4	1	380	379	377
B	1.706	1	109.3	1	57.9	1	380	379	350
B	1.68	1	109.4	1	20.1	1	380	379	377
O	1.624	1	102.6	1	35.3	1	377	376	370
S	1.662	1	132.4	1	60.3	1	384	377	376
C	1.637	1	108.8	1	84.2	1	385	384	377
C	1.702	1	112.1	1	126	1	385	384	370
O	1.644	1	104.5	1	36.7	1	385	384	377
S	1.679	1	65.7	1	90.3	1	388	385	384
C	1.69	1	111.9	1	36.4	1	389	388	385
C	1.749	1	3.5	1	159.6	1	389	388	377
C	1.677	1	109.3	1	146.5	1	389	388	385
O	1.667	1	115.2	1	74.9	1	370	369	350
S	1.716	1	150.7	1	65.4	1	393	370	369
C	1.639	1	112.7	1	72.3	1	394	393	370
B	1.734	1	111.5	1	12.4	1	394	393	350
O	1.622	1	120.7	1	4.5	1	394	393	370
S	1.675	1	144.9	1	77.8	1	397	394	393
B	1.691	1	106	1	95.7	1	398	397	394
C	1.7	1	98.9	1	76.5	1	398	397	370
C	1.686	1	115.1	1	123.7	1	398	397	394